12 : 148 ; 197
52 : 148 ; 198
52 ! 70 ; 159
52 : 217 ; 149
52 ! 217 ; 149
17 : 117 ; 150
89 : 112 ; 158
104 : 256 ; 147
35 : 155 ; 88
43 : 343 ; 109
53 : 287 ; 154
66 : 355 ; 165
88 : 177 ; 45
88 : 134 ; 31
88 : 177 ; 43
88 ! 177 ; 43
88 : 265 ; 123
88 : 249 ; 123
219 : 249 ; 123
226 : 409 ; 124
233 : 225 ; 198
241 : 126 ; 146
248 : 60 ; 46
255 : 188 ; 136
335 : 186 ; 136
344 : 463 ; 222
352 : 298 ; 145
360 : 86 ; 110
369 : 167 ; 209
404 : 168 ; 210
412 : 262 ; 173
419 : 453 ; 222
425 : 281 ; 122
432 : 197 ; 134
438 : 106 ; 43
443 : 140 ; 239
449 : 292 ; 131
455 : 167 ; 202
461 : 306 ; 300
467 : 156 ; 180
503 : 39 ; 182
503 ! 39 ; 182
637 : 112 ; 59
720 : 113 ; 59
